177,52
177,51
177,50
177,49
177,48
177,47
177,46
177,45
177,44
177,43
177,42
177,41
177,40
177,39
177,38
177,37
177,36
177,35
140,1
140,3
3,2
10,243
10,241
10,179
10,25
10,107
10,173
10,15
10,117
10,2
10,3
9,2
9,3
8,9
8,11
8,6
8,2
8,3
87,3
87,1
86,3
86,1
85,3
85,1
78,3
78,1
77,3
77,1
76,3
76,1
75,6
75,5
75,4
75,3
75,1
74,3
74,1
73,3
73,1
60,3
60,1
59,3
59,1
58,3
58,1
57,3
57,1
56,3
56,1
55,3
55,1
54,3
54,1
53,3
53,1
52,3
52,1
51,3
51,1
50,3
50,1
49,3
49,1
20,3
20,2
20,1
19,3
19,2
19,1
12,3
12,2
12,1
11,30
11,29
11,28
11,27
11,26
11,25
11,24
11,23
11,22
11,21
11,20
11,19
11,18
11,17
11,16
11,15
11,14
11,13
11,12
11,11
11,10
11,9
11,8
11,7
11,5
11,4
11,3
11,2
11,1
10,315
